4294967294,0
4294967279,45
4294967279,44
4294967279,43
4294967279,42
4294967279,41
4294967279,39
4294967279,37
4294967279,36
4294967279,33
4294967279,31
4294967279,30
4294967279,29
4294967279,27
4294967279,26
4294967279,24
4294967279,22
4294967279,21
4294967279,20
4294967279,144
4294967279,143
4294967279,142
4294967279,141
46,8
46,0
4294967279,140
4294967279,139
4294967279,138
4294967279,272
46,7
46,6
4294967279,136
4294967279,135
4294967279,134
4294967279,133
4294967279,271
4294967279,270
4294967279,281
4294967279,267
4294967279,296
4294967279,277
4294967279,265
4294967279,528
4294967279,263
4294967279,262
4294967279,273
4294967279,275
4294967278,370
4294967279,527
4294967278,369
4294967279,257
4294967279,19
4294967279,274
4294967279,255
4294967279,16
4294967279,15
4294967279,13
4294967279,12
4294967279,280
4294967279,253
4294967278,258
4294967294,18
4294967294,127
4294967294,14
4294967294,126
4294967294,20
4294967294,13
4294967279,11
4294967279,10
4294967279,560
4294967278,368
4294967294,1019
4294967294,988
4294967294,43
4294967294,417
4294967294,51
4294967294,1098
4294967294,83
4294967294,5
4294967279,559
4294967278,367
4294967279,558
4294967278,256
4294967294,7
4294967279,557
4294967278,366
4294967279,556
4294967279,0
4294967278,132
4294967278,131
4294967278,130
4294967278,129
4294967278,128
4294967278,127
4294967278,126
4294967278,124
4294967278,123
4294967278,252
4294967278,122
4294967278,251
4294967278,121
4294967278,249
4294967278,120
4294967278,119
4294967278,245
4294967278,118
4294967278,117
4294967278,116
4294967278,115
4294967278,114
4294967278,113
4294967278,112
4294967278,111
4294967278,110
4294967278,109
4294967278,108
4294967278,107
4294967278,223
4294967278,106
4294967278,105
4294967278,219
4294967278,104
4294967278,217
4294967278,103
4294967278,215
4294967278,102
4294967278,101
4294967278,100
4294967278,99
4294967278,98
4294967278,97
4294967278,96
4294967278,95
4294967278,330
4294967278,94
4294967278,93
4294967278,92
4294967278,91
4294967278,90
4294967278,89
4294967278,87
4294967278,86
4294967278,85
4294967278,84
4294967278,83
4294967278,82
4294967278,81
4294967278,80
4294967278,79
4294967278,78
4294967278,77
4294967278,76
4294967278,75
4294967278,74
4294967278,73
4294967278,72
4294967278,321
4294967278,71
4294967278,320
4294967278,70
4294967278,319
4294967278,69
4294967278,317
4294967278,68
4294967278,67
4294967278,316
4294967278,66
4294967278,65
4294967278,64
4294967278,63
4294967278,62
4294967278,61
4294967278,60
4294967278,59
4294967278,58
4294967278,57
4294967278,56
4294967278,55
4294967278,54
4294967278,53
4294967279,63
4294967279,61
4294967279,58
4294967279,54
4294967279,52
4294967279,50
4294967279,48
4294967279,47
4294967279,46
4294967279,40
4294967279,38
4294967279,35
4294967279,34
4294967279,32
4294967279,28
4294967279,25
4294967279,23
4294967279,18
4294967279,17
4294967279,14
4294967279,9
4294967279,8
4294967279,7
4294967279,6
4294967279,5
4294967279,4
4294967278,338
4294967294,50
4294967278,337
4294967294,11
4294967279,555
4294967278,365
4294967278,347
4294967278,0
4294967278,125
4294967294,30
4294967294,1164
4294967294,1158
4294967294,1167
4294967294,1166
4294967294,1163
4294967294,992
4294967294,990
4294967294,989
4294967294,987
4294967294,60
0,5
4294967294,12
4294967294,1016
4294967294,27
4294967294,93
4294967294,95
4294967278,254
4294967294,92
4294967294,88
4294967294,6
4294967294,17
4294967294,39
4294967294,42
4294967294,67
4294967294,52
4294967294,25
4294967294,1018
4294967294,26
4294967294,81
4294967294,1415
4294967294,68
4294967294,1419
4294967279,554
4294967279,553
46,5
46,4
46,3
46,2
46,1
4294967278,364
4294967294,476
44,4
44,3
44,2
44,1
4294967294,1420
43,6
4294967279,552
43,5
43,4
43,3
43,2
43,1
4294967278,363
4294967279,551
4294967278,362
42,5
42,4
42,3
42,2
42,1
4294967278,361
4294967279,550
4294967278,360
4294967279,549
4294967279,548
41,5
41,4
41,3
41,2
41,1
4294967278,359
4294967279,547
4294967278,358
4294967278,357
40,5
40,4
40,3
40,2
40,1
4294967279,546
39,4
39,3
39,2
39,1
4294967278,356
4294967279,545
4294967278,355
4294967278,354
4294967279,544
4294967279,543
4294967279,542
4294967279,541
38,4
38,3
38,2
38,1
4294967294,437
4294967294,475
37,6
4294967278,353
37,5
